00000000000000000000000000000000000000000000000000000000000000000000000000000000000000000000000000000000000000000000000000000111111111111111111111111111111000000
00000000000000000000000000000000000000000000000000000000000000000000000000000000000000000000000000000000000000000000000000000111111111111111111111111111111110000
00000000000000000000000000000000000000000000000000000000000000000000000000000000000000000000000000000000000000000000000000000111111111110001111111111111111110000
00000000000000000000000000000000000000000000000000000000000000000000000000000000000000000000000000000000000000000000000000000111111111110000111111111111111110000
00000000000000000000000000000000000000000000000000000000000000000000000000000000000000000000000000000000000000000000000000000011111111110000110011111111111100000
00000000000000000000000000000000000000000000000000000000000000000000000000000000000000000000000000000000000000000000000000000011111111111000000111111111111110111
00000000000000000000000000000000000000000000000000000000000000000000000000000000000000000000000000000000000000000000000000011111111111111000011111111111111111111
00000000000000000000000000000000000000000000000000000000000000000000000000000000000000000000000000000000000000000000000000011111111111111111111111111110001111111
00000000000000000000000000000000000000000000000000000000000000000000000000000000000000000000000000000000000000000000000001111111111110001111111111111110001111111
00000000000000000000000000000000000000000000000000000000000000000000000000000000000000000000000000000000000000000000000001111111111111111111111111111110000001111
00000000000000000000000000000000000000000000000000000000000000000000000000000000000000000000000000000000000000000000000011100011111111111111111111111111000001111
00000000000000000000000000000000000000000000000000000000000000000000000000000000000000000000000000000000000000000000000001100001111111111111111111111111000011111
00000000000000000000000000000000000000000000000000000000000000000000000000000000000000000000000000000000000000000000000001100011111111111111111111111111100011111
00000000000000000000000000000000000000000000000000000000001101100001010000000000000000001000000000001010010000000000011001100011111111111111111111111111100011111
00000000000000000000000000000000011111110100000000000000111111111111110000001111111111111000000111111111111000000000011111111111111111111111111111111111111011111
00000000000000000000000000000000111111111111100111110000011111111111110110001111111111111000000111111111110000000011111111111111111111111111111111111111111111111
00000000000000000000000000000011111111001111111101110000011111111111111111111111111111111100000111111111110000000111111111111111111111111111111111111111111111111
00000000000000000000000000000011111000001110000000111111111111111111111111111111111111111100011111111111111100000011111111111111111111111111111111111111111111111
00000000000000000000000000000011111100000110000000111111110011111111111111111111111111111111111111111111111100000011111111111111111111111111111111111111111111111
00111111111111111111111111111111111100000110000000111111100011111111110001111111111111111110001111111111111100111111111100111111111111111111111111111111111111111
E0001111110110001111111111111111111000001110000000011110000000011111110001001111111111111100000011111111111111111111110000001111111111111111111111111111111111111
00000100000000000000000000001100000000001100000000001110000000011111000000001111111111111100000011111111111111111111110000001111111111111111111111111111111111111
00000000000000000000000000000000000000000100000000001111000000111111000000001111111111111100000011111111111111111111111000001111111111111111111111111111111111111
00000000000000000000000000000000000000000000000011111111000000111111000000011111111111111110000011111111111111111111110000011111111111111111111111111111111111111
00000000000000000000000000000000000000000000000011111100000000111111000000011111111111111110010011111111111111111111110000011111111111111111111111111111111111111
00000000000000000000000000000000000000000000000000000000000000001001000010001111111111111111111111111111111111111111111111000011111111111111111111111111111111111
00000000000000000000000000000000000000000000000000000000000000000000000011111111111111111111111111111110000111111111111111110111111111111111111111111111111111111
00000000000000000000000000000000000000000000000000000000000000000000000000000000000000000100000110000100000101111010001111111111111111111111111111111111110111111
00000000000000000000000000000000000000000000000000000000000000000000000000000000000000000000000000000000000011111111111111111111111111111111111111111111100111111
00000000000000000000000000000000000000000000000000000000000000000000000000000000000000000000000000000000000011111111111111111111111111111111111111111111000001111
00000000000000000000000000000000000000000000000000000000000000000000000000000000000000000000000000000000000000111101011111111111111111111111111111111110000001111
00000000000000000000000000000000000000000000000000000000000000000000000000000000000000000000000000000000000001111110111111111111111111111111111111111110000011111
00000000000000000000000000000000000000000000000000000000000000000000000000000000000000000000000000000000000011111111111111111111111111111111111111111100000111111
00000000000000000000000000000000000000000000000000000000000000000000000000000000000000000000000000000000000000000000000111111111111111111111111111111100000011111
00000000000000000000000000000000000000000000000000000000000000000000000000000000000000000000000000000000000000000000000000011111111111001111111111111111100111111
00000000000000000000000000000000000000000000000000000000000000000000000000000000000000000000000000000000000000000000000000001111111111000011111111111111111111111
00000000000000000000000000000000000000000000000000000000000000000000000000000000000000000000000000000000000000000000000000011111111111000001111111111111111111110
00000000000000000000000000000000000000000000000000000000000000000000000000000000000000000000000000000000000000000000000000001001111111010000111111111111111111100
00000000000000000000000000000000000000000000000000000000000000000000000000000000000000000000000000000000000000000000000000000000000111010001111111111111111000100
00000000000000000000000000000000000000000000000000000000000000000000000000000000000000000000000000000000000000000000000000000000001111110101111111111111111000000
00000000000000000000000000000000000000000000000000000000000000000000000000000000000000000000000000000000000000000000000000000000111111111111111111111111111000000
